Kevin Durant	SF	OKC	81	81	38.5	32.0	10.5	20.8	50.3	2.4	2.4	39.1	8.7	9.9	87.3
Carmelo Anthony	SF	NY	77	77	38.7	27.4	9.6	21.3	45.2	2.2	2.2	40.2	6.0	7.0	84.8
LeBron James	SF	MIA	77	77	37.7	27.1	10.0	17.6	56.7	1.5	1.5	37.9	5.7	7.6	75.0
Kevin Love	PF	MIN	77	77	36.3	26.1	8.4	18.5	45.7	2.5	2.5	37.6	6.8	8.2	82.1
James Harden	SG	HOU	73	73	38.0	25.4	7.5	16.5	45.6	2.4	2.4	36.6	7.9	9.1	86.6
Blake Griffin	PF	LAC	80	80	35.8	24.1	9.0	17.0	52.8	0.2	0.2	27.3	6.0	8.4	71.5
Stephen Curry	PG	GS	78	78	36.5	24.0	8.4	17.7	47.1	3.3	3.3	42.4	3.9	4.5	88.5
LaMarcus Aldridge	PF	POR	69	69	36.2	23.2	9.4	20.6	45.8	0.0	0.0	20.0	4.3	5.2	82.2
DeMarcus Cousins	C	SAC	71	71	32.4	22.7	8.3	16.8	49.6	0.0	0.0	0.0	6.1	8.4	72.6
DeMar DeRozan	SG	TOR	79	79	38.2	22.7	7.6	17.8	42.9	0.8	0.8	30.5	6.6	8.0	82.4
Al Jefferson	C	CHA	73	73	35.0	21.8	9.6	18.8	50.9	0.0	0.0	20.0	2.6	3.8	69.0
Russell Westbrook	PG	OKC	46	46	30.7	21.8	7.5	17.2	43.7	1.5	1.5	31.8	5.3	6.4	82.6
Paul George	SF	IND	80	80	36.2	21.7	7.2	17.0	42.4	2.3	2.3	36.4	5.0	5.8	86.4
Dirk Nowitzki	PF	DAL	80	80	32.8	21.7	7.9	15.9	49.7	1.6	1.6	39.8	4.2	4.7	89.9
Anthony Davis	PF	NO	67	66	35.2	20.8	7.8	15.0	51.9	0.0	0.0	22.2	5.2	6.6	79.1
Kyrie Irving	PG	CLE	71	71	35.2	20.8	7.5	17.4	43.0	1.7	1.7	35.8	4.1	4.8	86.1
Damian Lillard	PG	POR	82	82	35.8	20.7	6.7	15.9	42.4	2.7	2.7	39.4	4.5	5.2	87.1
Brook Lopez	C	BKN	17	17	31.4	20.7	7.6	13.5	56.3	0.0	0.0	0.0	5.5	6.8	81.7
Goran Dragic	PG	PHO	76	75	35.1	20.3	7.3	14.4	50.5	1.6	1.6	40.8	4.2	5.5	76.0
Isaiah Thomas	PG	SAC	72	54	34.7	20.3	6.9	15.2	45.3	1.8	1.8	34.9	4.8	5.7	85.0
Rudy Gay	SF	SAC	73	73	34.7	20.0	7.4	16.2	45.5	0.9	0.9	33.0	4.4	5.3	82.2
Ryan Anderson	PF	NO	22	14	36.1	19.8	7.0	16.1	43.8	3.0	3.0	40.9	2.7	2.8	95.2
John Wall	PG	WAS	82	82	36.3	19.3	7.1	16.3	43.3	1.3	1.3	35.1	3.9	4.8	80.5
Kevin Martin	SG	MIN	68	68	32.0	19.1	6.5	15.0	43.0	1.7	1.7	38.7	4.5	5.0	89.1
Chris Paul	PG	LAC	62	62	35.0	19.1	6.5	14.0	46.7	1.3	1.3	36.8	4.8	5.6	85.5
Monta Ellis	PG	DAL	82	82	36.9	19.0	7.0	15.6	45.1	0.8	0.8	33.0	4.1	5.2	78.8
Dwyane Wade	SG	MIA	54	53	32.9	19.0	7.7	14.1	54.5	0.2	0.2	28.1	3.5	4.8	73.3
Jamal Crawford	SG	LAC	69	24	30.3	18.6	6.1	14.7	41.6	2.3	2.3	36.1	4.0	4.7	86.6
Al Horford	C	ATL	29	29	33.0	18.6	8.2	14.5	56.7	0.1	0.1	36.4	2.0	2.9	68.2
Klay Thompson	SG	GS	81	81	35.4	18.4	6.9	15.5	44.4	2.8	2.8	41.7	1.8	2.3	79.5
Dwight Howard	C	HOU	71	71	33.7	18.3	6.7	11.3	59.1	0.0	0.0	28.6	4.9	9.0	54.7
Arron Afflalo	SG	ORL	73	73	35.0	18.2	6.4	13.8	45.9	1.8	1.8	42.7	3.8	4.6	81.5
David Lee	C	GS	69	67	33.2	18.2	7.4	14.2	52.3	0.0	0.0	0.0	3.3	4.3	78.0
Brandon Knight	PG	MIL	72	69	33.3	17.9	6.4	15.2	42.2	1.5	1.5	32.5	3.6	4.5	80.2
Kyle Lowry	PG	TOR	79	79	36.2	17.9	5.8	13.7	42.3	2.4	2.4	38.0	4.0	4.9	81.3
Paul Millsap	PF	ATL	74	73	33.5	17.9	6.5	14.1	46.1	1.0	1.0	35.8	3.9	5.3	73.1
Nick Young	SG	LAL	64	9	28.3	17.9	6.0	13.9	43.5	2.1	2.1	38.6	3.7	4.5	82.5
Thaddeus Young	SF	PHI	79	78	34.4	17.9	7.4	16.2	45.4	1.1	1.1	30.8	2.1	2.9	71.2
Eric Bledsoe	PG	PHO	43	40	32.9	17.7	6.2	12.9	47.7	1.2	1.2	35.7	4.3	5.5	77.2
Kemba Walker	PG	CHA	73	73	35.8	17.7	6.2	15.7	39.3	1.5	1.5	33.3	3.9	4.6	83.7
Ty Lawson	PG	DEN	62	61	35.8	17.6	5.6	13.0	43.1	1.2	1.2	35.6	5.2	6.5	79.8
Pau Gasol	PF	LAL	60	60	31.4	17.4	7.1	14.8	48.0	0.1	0.1	28.6	3.1	4.2	73.6
Nikola Pekovic	C	MIN	54	54	30.8	17.4	7.0	13.0	54.0	0.0	0.0	0.0	3.4	4.6	74.7
Zach Randolph	PF	MEM	79	79	34.2	17.4	7.1	15.2	46.7	0.0	0.0	10.0	3.2	4.3	74.2
Mike Conley	PG	MEM	73	73	33.5	17.2	6.3	14.1	45.0	1.4	1.4	36.1	3.1	3.8	81.5
Bradley Beal	SG	WAS	73	73	34.7	17.1	6.6	15.7	41.9	1.9	1.9	40.2	2.0	2.6	78.8
Jeff Green	PF	BOS	82	82	34.2	16.9	5.9	14.3	41.2	1.6	1.6	34.1	3.5	4.3	79.5
Michael Carter-Williams	PG	PHI	70	70	34.5	16.7	6.1	15.1	40.5	0.8	0.8	26.4	3.7	5.2	70.3
Tony Parker	PG	SA	68	68	29.4	16.7	6.7	13.4	49.9	0.4	0.4	37.3	2.9	3.6	81.1
Chandler Parsons	SF	HOU	74	74	37.6	16.6	6.3	13.3	47.2	1.8	1.8	37.0	2.2	3.0	74.2
Jeff Teague	PG	ATL	79	79	32.2	16.5	5.8	13.2	43.8	0.9	0.9	32.9	4.0	4.8	84.6
Wesley Matthews	SG	POR	82	82	33.9	16.4	5.4	12.3	44.1	2.5	2.5	39.3	3.1	3.7	83.7
Josh Smith	SF	DET	77	76	35.5	16.4	6.7	16.0	41.9	0.9	0.9	26.4	2.1	3.9	53.2
Chris Bosh	PF	MIA	79	79	32.0	16.2	6.2	12.1	51.6	0.9	0.9	33.9	2.8	3.4	82.0
Gordon Hayward	SG	UTA	77	77	36.4	16.2	5.5	13.4	41.3	1.1	1.1	30.4	4.0	4.9	81.6
Luol Deng	SF	CLE	63	63	35.1	16.0	5.9	13.7	43.1	0.9	0.9	30.2	3.4	4.3	79.1
Derrick Rose	PG	CHI	10	10	31.1	15.9	5.8	16.4	35.4	1.6	1.6	34.0	2.7	3.2	84.4
Dion Waiters	SG	CLE	70	24	29.6	15.9	6.1	14.2	43.3	1.3	1.3	36.8	2.3	3.4	68.5
Gerald Green	SG	PHO	82	48	28.4	15.8	5.5	12.3	44.5	2.5	2.5	40.0	2.4	2.8	84.8
Joe Johnson	SG	BKN	79	79	32.6	15.8	5.8	12.9	45.4	2.1	2.1	40.1	2.0	2.5	81.5
Jodie Meeks	SG	LAL	77	70	33.2	15.7	5.4	11.6	46.3	2.1	2.1	40.1	2.9	3.4	85.7
Brandon Jennings	PG	DET	80	79	34.1	15.5	5.3	14.2	37.3	1.9	1.9	33.7	3.0	4.0	75.1
Eric Gordon	SG	NO	64	64	32.1	15.4	5.6	12.8	43.6	1.6	1.6	39.1	2.7	3.5	78.5
Greg Monroe	PF	DET	82	82	32.8	15.2	6.1	12.4	49.7	0.0	0.0	0.0	2.9	4.5	65.7
J.J. Redick	SG	LAC	35	34	28.2	15.2	5.2	11.4	45.5	2.1	2.1	39.5	2.8	3.0	91.5
Tim Duncan	PF	SA	74	74	29.2	15.1	6.0	12.2	49.0	0.0	0.0	0.0	3.1	4.3	73.1
Serge Ibaka	PF	OKC	81	81	32.9	15.1	6.5	12.1	53.6	0.3	0.3	38.3	1.9	2.5	78.4
Avery Bradley	PG	BOS	60	58	30.9	14.8	6.0	13.8	43.8	1.3	1.3	39.5	1.5	1.9	80.4
Marc Gasol	C	MEM	59	59	33.4	14.6	5.7	12.1	47.3	0.0	0.0	18.2	3.1	4.1	76.8
Tobias Harris	SF	ORL	61	36	30.3	14.6	5.4	11.7	46.4	0.5	0.5	25.4	3.2	4.0	80.7
Tyreke Evans	PG	NO	72	22	28.2	14.5	5.4	12.5	43.6	0.3	0.3	22.1	3.3	4.3	77.1
J.R. Smith	SG	NY	74	37	32.7	14.5	5.4	12.9	41.5	2.6	2.6	39.4	1.2	1.9	65.2
Trevor Ariza	SG	WAS	77	77	35.4	14.4	5.1	11.1	45.6	2.3	2.3	40.7	1.9	2.5	77.2
Jrue Holiday	PG	NO	34	34	33.6	14.3	6.0	13.4	44.7	0.9	0.9	39.0	1.5	1.9	81.0
Deron Williams	PG	BKN	64	58	32.2	14.3	5.0	11.2	45.0	1.5	1.5	36.6	2.7	3.4	80.1
Nene	C	WAS	53	37	29.4	14.2	5.6	11.2	50.3	0.0	0.0	20.0	2.9	5.0	58.3
Nikola Vucevic	C	ORL	57	57	31.8	14.2	6.2	12.2	50.7	0.0	0.0	0.0	1.8	2.4	76.6
Alec Burks	PG	UTA	78	12	28.1	14.0	4.9	10.7	45.7	0.6	0.6	35.0	3.6	4.8	74.8
Gerald Henderson	SG	CHA	77	77	32.0	14.0	5.2	12.1	43.3	0.5	0.5	34.8	3.1	4.0	76.1
Evan Turner	SF	IND	81	56	30.3	14.0	5.4	12.6	42.5	0.6	0.6	32.1	2.6	3.2	81.3
David West	PF	IND	80	80	30.9	14.0	5.7	11.7	48.8	0.0	0.0	26.7	2.5	3.1	78.9
Rodney Stuckey	PG	DET	73	5	26.7	13.9	5.1	11.7	43.6	0.3	0.3	27.3	3.3	4.0	83.6
Kobe Bryant	SG	LAL	6	6	29.5	13.8	5.2	12.2	42.5	0.5	0.5	18.8	3.0	3.5	85.7
Markieff Morris	PF	PHO	81	0	26.6	13.8	5.1	10.4	48.6	0.4	0.4	31.5	3.2	4.0	79.2
Victor Oladipo	SG	ORL	80	44	31.1	13.8	4.9	11.7	41.9	0.9	0.9	32.7	3.1	4.0	78.0
Lance Stephenson	SG	IND	78	78	35.3	13.8	5.5	11.2	49.1	1.1	1.1	35.2	1.8	2.5	71.1
Carlos Boozer	PF	CHI	76	76	28.2	13.7	5.9	12.9	45.6	0.0	0.0	0.0	1.9	2.5	76.7
Kenneth Faried	PF	DEN	80	77	27.2	13.7	5.6	10.2	54.5	0.0	0.0	0.0	2.5	3.9	65.0
Wilson Chandler	SF	DEN	62	55	31.1	13.6	5.0	11.9	41.6	2.0	2.0	34.8	1.8	2.5	72.4
Andre Drummond	C	DET	81	81	32.3	13.5	5.9	9.5	62.3	0.0	0.0	0.0	1.7	4.0	41.8
Paul Pierce	SF	BKN	75	68	28.0	13.5	4.3	9.5	45.1	1.5	1.5	37.3	3.4	4.1	82.6
Andrea Bargnani	C	NY	42	39	29.9	13.3	5.3	12.0	44.2	0.7	0.7	27.8	2.0	2.4	82.4
Derrick Favors	C	UTA	73	73	30.2	13.3	5.3	10.2	52.2	0.0	0.0	0.0	2.6	3.9	66.9
Jared Sullinger	C	BOS	74	44	27.6	13.3	5.2	12.1	42.7	0.8	0.8	26.9	2.1	2.7	77.8
Randy Foye	PG	DEN	81	78	30.7	13.2	4.5	10.8	41.3	2.3	2.3	38.0	1.9	2.3	84.9
Marcin Gortat	PF	WAS	81	80	32.8	13.2	5.6	10.4	54.2	0.0	0.0	100.0	1.9	2.8	68.6
Spencer Hawes	C	CLE	80	78	30.9	13.2	5.0	11.0	45.6	1.6	1.6	41.6	1.5	1.9	78.3
D.J. Augustin	PG	CHI	71	9	27.3	13.1	4.2	10.1	41.5	1.9	1.9	40.1	2.8	3.2	88.5
Jimmy Butler	SG	CHI	67	67	38.7	13.1	4.1	10.3	39.7	1.0	1.0	28.3	3.9	5.0	76.9
Reggie Jackson	PG	OKC	80	36	28.5	13.1	5.0	11.4	44.0	1.0	1.0	33.9	2.0	2.2	89.3
Nicolas Batum	SF	POR	82	82	36.0	13.0	4.6	10.0	46.5	1.8	1.8	36.1	2.0	2.5	80.3
Taj Gibson	PF	CHI	82	8	28.7	13.0	5.2	10.9	47.9	0.0	0.0	0.0	2.6	3.4	75.1
Tony Wroten	SG	PHI	72	16	24.5	13.0	4.8	11.2	42.7	0.6	0.6	21.3	2.9	4.5	64.1
Trey Burke	PG	UTA	70	68	32.3	12.8	4.9	12.8	38.0	1.6	1.6	33.0	1.5	1.6	90.3
Kawhi Leonard	SF	SA	66	65	29.1	12.8	5.1	9.8	52.2	1.0	1.0	37.9	1.5	1.9	80.2
Joakim Noah	C	CHI	80	80	35.2	12.6	4.8	10.0	47.5	0.0	0.0	0.0	3.1	4.2	73.7
Jeremy Lin	PG	HOU	71	33	28.9	12.5	4.2	9.3	44.6	1.2	1.2	35.8	3.1	3.7	82.3
Corey Brewer	SF	MIN	81	81	32.2	12.3	4.8	10.0	48.1	0.7	0.7	28.0	2.0	2.8	71.8
Manu Ginobili	SG	SA	68	3	22.8	12.3	4.3	9.2	46.9	1.3	1.3	34.9	2.4	2.8	85.1
Enes Kanter	C	UTA	80	37	26.7	12.3	5.2	10.7	49.1	0.0	0.0	0.0	1.9	2.6	73.0
Ramon Sessions	PG	MIL	83	19	26.7	12.3	4.0	9.3	42.9	0.4	0.4	28.2	3.9	4.9	80.7
Terrence Jones	PF	HOU	76	71	27.3	12.1	5.1	9.4	54.2	0.4	0.4	30.7	1.6	2.6	60.5
Khris Middleton	PF	MIL	82	64	30.0	12.1	4.6	10.4	44.0	1.5	1.5	41.4	1.4	1.7	86.1
Jameer Nelson	PG	ORL	68	68	32.0	12.1	4.3	11.0	39.4	2.0	2.0	34.8	1.4	1.6	85.7
Kyle Korver	SG	ATL	71	71	33.9	12.0	4.1	8.6	47.5	2.6	2.6	47.2	1.2	1.3	92.6
Vince Carter	SG	DAL	81	0	24.4	11.9	4.1	10.0	40.7	1.8	1.8	39.4	2.0	2.4	82.1
Amar'e Stoudemire	PF	NY	65	21	22.6	11.9	4.8	8.6	55.7	0.0	0.0	0.0	2.3	3.1	73.9
JJ Hickson	PF	DEN	69	52	26.9	11.8	4.8	9.5	50.8	0.0	0.0	0.0	2.2	4.2	51.7
O.J. Mayo	SG	MIL	52	23	25.9	11.7	4.3	10.6	40.7	1.6	1.6	37.0	1.5	1.7	86.4
Rajon Rondo	PG	BOS	30	30	33.3	11.7	4.7	11.7	40.3	0.9	0.9	28.9	1.4	2.2	62.7
Tristan Thompson	PF	CLE	82	82	31.6	11.7	4.4	9.3	47.7	0.0	0.0	0.0	2.9	4.1	69.3
Marco Belinelli	SG	SA	80	25	25.2	11.4	4.2	8.7	48.5	1.6	1.6	43.0	1.4	1.6	84.7
Jose Calderon	PG	DAL	81	81	30.5	11.4	4.2	9.2	45.6	2.4	2.4	44.9	0.6	0.8	82.5
Darren Collison	PG	LAC	80	35	25.9	11.4	4.0	8.7	46.7	0.9	0.9	37.6	2.4	2.8	85.7
Mike Dunleavy	SF	CHI	82	61	31.5	11.3	4.1	9.4	43.0	1.5	1.5	38.0	1.7	2.0	85.4
Jonas Valanciunas	C	TOR	81	81	28.2	11.3	4.4	8.3	53.1	0.0	0.0	0.0	2.4	3.2	76.2
Andray Blatche	C	BKN	73	7	22.2	11.2	4.4	9.2	47.6	0.2	0.2	27.8	2.2	3.0	74.2
Ersan Ilyasova	SF	MIL	55	47	26.9	11.2	4.3	10.5	40.9	0.7	0.7	28.2	1.9	2.4	82.3
Brandon Bass	PF	BOS	82	73	27.6	11.1	4.3	8.8	48.6	0.0	0.0	33.3	2.5	2.9	85.8
DeMarre Carroll	SF	ATL	73	73	32.1	11.1	4.1	8.8	47.0	1.3	1.3	36.2	1.5	1.9	77.3
Channing Frye	C	PHO	82	82	28.2	11.1	4.1	9.5	43.2	2.0	2.0	37.0	1.0	1.2	82.1
John Henson	C	MIL	70	23	26.5	11.1	4.9	9.1	53.8	0.0	0.0	0.0	1.3	2.5	51.4
Robin Lopez	C	POR	82	82	31.8	11.1	4.3	7.9	55.1	0.0	0.0	0.0	2.4	3.0	81.8
Jordan Crawford	SG	GS	81	35	23.0	11.0	4.0	9.7	41.5	1.1	1.1	31.6	1.8	2.1	86.4
Terrence Ross	SF	TOR	81	62	26.7	10.9	3.9	9.3	42.3	2.0	2.0	39.5	1.0	1.2	83.7
Roy Hibbert	C	IND	81	81	29.7	10.8	4.1	9.3	43.9	0.0	0.0	40.0	2.6	3.3	77.0
Caron Butler	SF	OKC	56	13	25.3	10.5	3.8	9.6	39.4	1.8	1.8	39.4	1.1	1.3	84.0
Gary Neal	SG	CHA	52	3	21.4	10.5	3.7	9.1	41.0	1.3	1.3	37.8	1.8	2.0	89.5
Amir Johnson	SF	TOR	77	72	28.8	10.4	4.5	7.9	56.2	0.3	0.3	30.3	1.2	1.9	63.6
DeAndre Jordan	C	LAC	82	82	35.0	10.4	4.2	6.3	67.6	0.0	0.0	0.0	2.0	4.6	42.8
Chris Kaman	C	LAL	39	13	18.9	10.4	4.5	8.9	50.9	0.0	0.0	0.0	1.3	1.7	76.5
Shawn Marion	PF	DAL	76	76	31.7	10.4	4.5	9.3	48.2	0.8	0.8	35.8	0.7	0.9	78.5
Nate Robinson	PG	DEN	44	1	19.7	10.4	3.7	8.7	42.8	1.3	1.3	37.7	1.6	1.9	83.5
Lou Williams	SG	ATL	60	7	24.1	10.4	3.3	8.2	40.0	1.3	1.3	34.2	2.5	3.0	84.9
George Hill	PG	IND	76	76	32.0	10.3	3.6	8.1	44.2	1.2	1.2	36.5	1.9	2.3	80.7
Patrick Beverley	PG	HOU	56	55	31.3	10.2	3.6	8.6	41.4	1.6	1.6	36.1	1.5	1.8	81.4
Tim Hardaway Jr.	SG	NY	81	1	23.1	10.2	3.6	8.5	42.8	1.6	1.6	36.3	1.3	1.6	82.8
Patty Mills	PG	SA	81	2	18.9	10.2	3.8	8.2	46.4	1.7	1.7	42.5	0.9	1.0	89.0
James Anderson	SG	PHI	80	62	28.9	10.1	3.9	9.0	43.1	1.4	1.4	32.8	1.0	1.3	72.6
Jordan Farmar	PG	LAL	41	5	22.2	10.1	3.7	8.9	41.5	1.7	1.7	43.8	1.1	1.4	74.6
Richard Jefferson	SF	UTA	82	78	27.0	10.1	3.6	8.0	45.0	1.5	1.5	40.9	1.5	2.0	74.1
Xavier Henry	SF	LAL	43	5	21.1	10.0	3.3	8.0	41.7	0.7	0.7	34.6	2.7	4.1	65.5
Matt Barnes	SF	LAC	63	40	27.5	9.9	3.7	8.4	43.8	1.5	1.5	34.3	1.0	1.4	73.3
C.J. Miles	SF	CLE	51	34	19.3	9.9	3.5	8.0	43.5	1.6	1.6	39.3	1.3	1.5	85.3
Mario Chalmers	PG	MIA	73	73	29.8	9.8	3.5	7.7	45.4	1.2	1.2	38.5	1.7	2.2	74.2
Marcus Thornton	SG	BKN	72	27	24.2	9.8	3.5	8.9	39.4	1.5	1.5	34.5	1.2	1.6	80.4
Raymond Felton	PG	NY	65	65	31.0	9.7	3.7	9.4	39.5	1.0	1.0	31.8	1.4	1.9	72.1
Jordan Hill	PF	LAL	72	32	20.8	9.7	4.0	7.2	54.9	0.0	0.0	0.0	1.7	2.5	68.5
Marcus Morris	PF	PHO	82	1	22.0	9.7	3.5	7.9	44.2	1.2	1.2	38.1	1.5	1.9	76.1
Jason Smith	PF	NO	31	27	26.8	9.7	4.2	9.1	46.5	0.0	0.0	0.0	1.3	1.6	78.0
Martell Webster	SG	WAS	78	13	27.7	9.7	3.3	7.5	43.3	1.9	1.9	39.2	1.3	1.6	84.0
Mo Williams	PG	POR	74	0	24.8	9.7	3.8	9.1	41.7	1.1	1.1	36.9	1.1	1.2	87.6
Ray Allen	SG	MIA	73	9	26.5	9.6	3.3	7.4	44.2	1.6	1.6	37.5	1.4	1.6	90.5
Courtney Lee	SG	MEM	79	47	25.0	9.6	3.7	7.8	48.0	0.9	0.9	37.1	1.3	1.4	88.4
Mike Scott	PF	ATL	80	6	18.5	9.6	3.8	7.8	47.9	0.8	0.8	31.0	1.3	1.6	78.0
Kyle Singler	SF	DET	82	36	28.5	9.6	3.3	7.3	44.7	1.1	1.1	38.2	1.9	2.2	82.6
Greivis Vasquez	PG	TOR	79	23	22.5	9.6	3.5	8.3	42.1	1.4	1.4	37.7	1.2	1.4	88.0
Harrison Barnes	SF	GS	78	24	28.3	9.5	3.5	8.7	39.9	0.8	0.8	34.7	1.7	2.3	71.8
Jarrett Jack	PG	CLE	80	31	28.2	9.5	3.6	8.7	41.0	0.8	0.8	34.1	1.6	1.9	83.9
Ricky Rubio	PG	MIN	82	82	32.2	9.5	3.1	8.2	38.1	0.5	0.5	33.1	2.8	3.5	80.2
Glen Davis	PF	LAC	68	44	24.4	9.4	4.0	8.7	45.7	0.1	0.1	36.4	1.4	2.0	69.3
Timofey Mozgov	C	DEN	82	30	21.6	9.4	3.5	6.6	52.3	0.0	0.0	16.7	2.4	3.2	75.4
Brian Roberts	PG	NO	72	42	23.2	9.4	3.4	8.1	42.0	0.9	0.9	36.0	1.7	1.8	94.0
P.J. Tucker	SF	PHO	81	81	30.7	9.4	3.3	7.6	43.1	0.9	0.9	38.7	1.9	2.5	77.6
Andre Iguodala	SG	GS	63	63	32.4	9.3	3.5	7.3	48.0	1.0	1.0	35.4	1.4	2.1	65.2
Jerryd Bayless	PG	BOS	72	19	23.4	9.2	3.4	8.6	40.2	1.1	1.1	35.8	1.3	1.6	79.7
Boris Diaw	PF	SA	79	24	25.0	9.1	3.8	7.3	52.1	0.6	0.6	40.2	0.9	1.2	73.9
Danny Green	SF	SA	68	59	24.3	9.1	3.2	7.4	43.2	1.9	1.9	41.5	0.7	0.9	79.4
Kirk Hinrich	PG	CHI	73	61	29.0	9.1	3.3	8.5	39.3	1.2	1.2	35.1	1.3	1.7	76.0
Wesley Johnson	SF	LAL	79	62	28.4	9.1	3.5	8.2	42.5	1.3	1.3	36.9	0.8	1.0	79.2
Marvin Williams	PF	UTA	66	50	25.4	9.1	3.5	8.0	43.9	1.3	1.3	35.9	0.9	1.1	78.1
Brandan Wright	PF	DAL	58	0	18.6	9.1	3.9	5.7	67.7	0.0	0.0	0.0	1.3	1.8	72.6
Tony Allen	SG	MEM	55	28	23.2	9.0	3.7	7.5	49.4	0.2	0.2	23.4	1.4	2.2	62.8
Aaron Brooks	PG	DEN	72	12	21.6	9.0	3.2	8.1	40.1	1.3	1.3	38.7	1.2	1.3	87.4
Ben McLemore	SG	SAC	82	55	26.7	8.8	3.1	8.3	37.6	1.2	1.2	32.0	1.4	1.7	80.4
Andrew Bynum	C	IND	26	19	19.8	8.7	3.6	8.7	41.8	0.0	0.0	0.0	1.4	1.9	75.5
Will Bynum	PG	DET	56	3	18.8	8.7	3.3	7.7	42.8	0.4	0.4	32.3	1.7	2.2	80.2
Tyson Chandler	C	NY	55	55	30.2	8.7	3.5	5.9	59.3	0.0	0.0	0.0	1.8	2.8	63.2
Kelly Olynyk	C	BOS	70	9	20.0	8.7	3.3	7.2	46.6	0.6	0.6	35.1	1.4	1.7	81.1
Mirza Teletovic	PF	BKN	72	7	19.4	8.6	3.1	7.3	41.8	1.9	1.9	39.0	0.6	0.9	71.0
Jeremy Lamb	SG	OKC	78	0	19.7	8.5	3.4	7.8	43.2	1.1	1.1	35.6	0.7	0.8	79.7
Josh McRoberts	PF	CHA	78	78	30.3	8.5	3.2	7.3	43.6	1.3	1.3	36.1	0.8	1.1	72.9
Patrick Patterson	PF	TOR	65	13	23.6	8.5	3.5	7.5	46.0	0.8	0.8	36.4	0.8	1.1	70.4
J.J. Barea	PG	MIN	79	1	18.6	8.4	3.2	8.3	38.7	0.9	0.9	31.6	1.0	1.3	79.0
Troy Daniels	SG	HOU	5	1	15.0	8.4	3.0	6.2	48.4	2.4	2.4	48.0	0.0	0.0	0.0
Evan Fournier	SG	DEN	76	4	19.8	8.4	3.0	7.2	41.9	1.2	1.2	37.6	1.2	1.6	75.6
Kris Humphries	PF	BOS	69	30	19.9	8.4	3.3	6.7	50.1	0.0	0.0	0.0	1.7	2.1	81.2
Anthony Morrow	SG	NO	76	9	18.8	8.4	3.1	6.8	45.8	1.2	1.2	45.1	0.9	1.1	82.8
Anderson Varejao	C	CLE	65	29	27.7	8.4	3.5	7.1	49.5	0.0	0.0	0.0	1.4	2.1	68.1
Drew Gooden	PF	WAS	22	0	18.0	8.3	3.5	6.5	53.1	0.3	0.3	41.2	1.1	1.2	88.9
Shaun Livingston	PG	BKN	76	54	26.0	8.3	3.1	6.4	48.3	0.0	0.0	16.7	2.1	2.5	82.7
Danny Granger	SF	LAC	41	2	20.7	8.2	2.8	7.5	37.8	1.0	1.0	33.6	1.5	1.6	94.0
Tiago Splitter	C	SA	59	50	21.5	8.2	3.1	5.9	52.3	0.0	0.0	0.0	2.1	2.9	69.9
Manny Harris	PG	LAL	9	0	20.0	8.1	3.1	7.8	40.0	0.8	0.8	35.0	1.1	1.3	83.3
Miles Plumlee	C	PHO	80	79	24.6	8.1	3.6	6.9	51.7	0.0	0.0	0.0	0.9	1.6	56.1
Ryan Kelly	PF	LAL	59	25	22.2	8.0	2.7	6.3	42.3	0.8	0.8	33.8	1.9	2.3	81.5
Kendall Marshall	PG	LAL	54	45	29.0	8.0	3.1	7.8	40.6	1.3	1.3	39.9	0.4	0.7	52.8
Jeff Taylor	SF	CHA	26	8	24.2	8.0	3.2	8.4	37.6	0.7	0.7	26.9	1.0	1.8	55.3
Derrick Williams	PF	SAC	78	15	23.3	8.0	2.6	6.2	42.7	0.3	0.3	26.3	2.4	3.3	71.8
Michael Beasley	PF	MIA	55	2	15.1	7.9	3.2	6.5	49.9	0.4	0.4	38.9	1.1	1.4	77.2
Devin Harris	PG	DAL	40	0	20.4	7.9	2.4	6.4	37.8	0.8	0.8	30.7	2.3	2.9	80.0
Jermaine O'Neal	C	GS	44	13	20.1	7.9	2.8	5.6	50.4	0.0	0.0	0.0	2.2	3.0	75.0
Zaza Pachulia	C	MIL	53	43	25.0	7.7	2.8	6.6	42.7	0.0	0.0	0.0	2.1	2.5	84.6
Austin Rivers	SG	NO	69	4	19.4	7.7	2.8	6.9	40.5	0.5	0.5	36.4	1.6	2.5	63.6
Larry Sanders	C	MIL	23	20	25.4	7.7	3.3	7.0	46.9	0.0	0.0	0.0	1.1	2.4	47.3
Luis Scola	PF	IND	82	2	17.1	7.6	3.2	6.8	47.0	0.0	0.0	14.3	1.2	1.7	72.8
Henry Sims	C	PHI	46	25	19.0	7.6	2.8	6.0	47.4	0.0	0.0	0.0	2.0	2.6	74.4
Leandro Barbosa	SG	PHO	20	0	18.4	7.5	2.8	6.6	42.7	0.4	0.4	28.0	1.6	2.0	79.5
Shelvin Mack	PG	ATL	73	11	20.4	7.5	2.9	6.9	41.7	0.8	0.8	33.7	0.9	1.0	86.5
Maurice Harkless	SF	ORL	80	41	24.4	7.4	2.8	6.0	46.4	0.7	0.7	38.3	1.1	1.8	59.4
James Johnson	PF	MEM	52	4	18.4	7.4	2.8	5.9	46.4	0.4	0.4	25.3	1.5	1.7	84.4
Mason Plumlee	PF	BKN	70	22	18.2	7.4	2.8	4.3	65.9	0.0	0.0	0.0	1.7	2.8	62.6
Andrew Bogut	C	GS	67	67	26.4	7.3	3.5	5.6	62.7	0.0	0.0	0.0	0.3	1.0	34.4
Al-Farouq Aminu	SF	NO	80	65	25.6	7.2	2.9	6.2	47.4	0.2	0.2	27.1	1.1	1.7	66.4
Alan Anderson	SF	BKN	78	26	22.7	7.2	2.5	6.2	40.0	1.1	1.1	33.9	1.2	1.5	78.0
Michael Kidd-Gilchrist	SF	CHA	62	62	24.2	7.2	2.7	5.7	47.3	0.0	0.0	11.1	1.8	3.0	61.4
Nate Wolters	PG	MIL	58	31	22.6	7.2	2.9	6.7	43.7	0.3	0.3	29.0	1.0	1.6	65.6
Mike Miller	SF	MEM	82	4	20.8	7.1	2.6	5.4	48.1	1.3	1.3	45.9	0.6	0.7	82.1
Jason Thompson	PF	SAC	82	61	24.5	7.1	3.1	6.0	50.6	0.0	0.0	0.0	1.0	1.8	57.9
Pero Antic	C	ATL	50	26	18.5	7.0	2.5	5.9	41.8	1.1	1.1	32.7	1.0	1.3	75.8
JaVale McGee	C	DEN	5	5	16.0	7.0	3.4	7.6	44.7	0.0	0.0	0.0	0.2	0.2	100.0
Steve Blake	PG	GS	55	28	27.2	6.9	2.4	6.4	37.7	1.4	1.4	37.6	0.6	0.8	76.7
Omri Casspi	SF	HOU	71	2	18.1	6.9	2.4	5.8	42.2	0.9	0.9	34.7	1.2	1.7	68.0
Chris Douglas-Roberts	SG	CHA	49	8	20.7	6.9	2.3	5.1	44.0	1.0	1.0	38.6	1.3	1.7	80.5
Jared Dudley	SF	LAC	74	43	23.4	6.9	2.6	6.0	43.8	1.1	1.1	36.0	0.5	0.8	65.5
Jeff Adrien	PF	MIL	53	12	18.2	6.8	2.7	5.2	52.0	0.0	0.0	0.0	1.4	2.2	63.9
Giannis Antetokounmpo	SG	MIL	77	23	24.6	6.8	2.2	5.4	41.4	0.5	0.5	34.7	1.8	2.6	68.3
Trevor Booker	PF	WAS	72	45	21.6	6.8	3.1	5.6	55.1	0.0	0.0	0.0	0.7	1.1	61.8
Steve Nash	PG	LAL	15	10	20.9	6.8	2.4	6.3	38.3	0.5	0.5	33.3	1.5	1.6	91.7
Chase Budinger	SF	MIN	41	8	18.3	6.7	2.4	6.2	39.4	1.0	1.0	35.0	0.8	1.0	82.1
Jordan Hamilton	SF	HOU	60	12	17.0	6.7	2.4	6.3	39.1	1.2	1.2	35.4	0.7	0.8	78.4
Iman Shumpert	SG	NY	74	58	26.5	6.7	2.5	6.5	37.8	1.0	1.0	33.3	0.7	1.0	74.6
Chris Andersen	PF	MIA	72	0	19.4	6.6	2.5	3.8	64.4	0.0	0.0	25.0	1.7	2.3	71.0
Samuel Dalembert	C	DAL	80	68	20.2	6.6	2.7	4.7	56.8	0.0	0.0	0.0	1.3	1.7	73.7
Al Harrington	PF	WAS	34	0	15.0	6.6	2.4	6.1	39.6	1.0	1.0	34.0	0.8	1.0	77.1
C.J. Watson	PG	IND	63	5	18.9	6.6	2.3	5.3	43.7	0.8	0.8	36.6	1.1	1.4	78.4
Kevin Garnett	PF	BKN	54	54	20.5	6.5	2.9	6.6	44.1	0.0	0.0	0.0	0.7	0.9	80.9
DeJuan Blair	PF	DAL	78	13	15.6	6.4	2.7	5.0	53.4	0.0	0.0	0.0	1.0	1.6	63.6
Norris Cole	PG	MIA	82	6	24.6	6.4	2.5	6.1	41.4	0.7	0.7	34.5	0.6	0.8	77.9
Kosta Koufos	C	MEM	80	22	16.9	6.4	2.8	5.7	49.5	0.0	0.0	0.0	0.8	1.2	64.5
Marreese Speights	PF	GS	79	3	12.4	6.4	2.5	5.6	44.1	0.1	0.1	25.8	1.4	1.7	82.1
Luke Babbitt	SF	NO	27	2	17.5	6.3	2.2	5.7	39.0	1.3	1.3	37.9	0.5	0.7	77.8
Dante Cunningham	SF	MIN	81	7	20.2	6.3	2.9	6.3	46.5	0.0	0.0	0.0	0.5	0.8	56.7
E'Twaun Moore	PG	ORL	79	3	19.1	6.3	2.5	5.8	42.8	0.7	0.7	35.4	0.7	0.9	76.5
Quincy Pondexter	SF	MEM	15	2	18.0	6.3	2.1	5.3	39.2	0.7	0.7	32.4	1.4	1.7	80.8
Thabo Sefolosha	SF	OKC	61	61	26.0	6.3	2.3	5.6	41.5	0.8	0.8	31.6	0.9	1.1	76.8
Draymond Green	SF	GS	82	12	21.9	6.2	2.3	5.6	40.7	0.7	0.7	33.3	1.0	1.5	66.7
Chris Johnson	SF	BOS	40	0	19.7	6.2	2.1	5.4	39.7	1.1	1.1	33.9	0.9	1.1	86.0
Jon Leuer	PF	MEM	49	0	13.1	6.2	2.5	5.0	49.2	0.5	0.5	46.9	0.8	1.0	78.7
Ray Jr. McCallum	PG	SAC	45	10	19.9	6.2	2.5	6.7	37.7	0.5	0.5	37.3	0.7	1.0	74.4
Kyle O'Quinn	PF	ORL	69	19	17.2	6.2	2.7	5.4	50.1	0.0	0.0	0.0	0.8	1.2	68.7
Jeremy Evans	SF	UTA	66	4	18.3	6.1	2.7	5.0	52.7	0.0	0.0	0.0	0.8	1.1	68.0
Anthony Tolliver	PF	CHA	64	9	20.3	6.1	2.0	4.8	42.0	1.6	1.6	41.3	0.5	0.6	80.5
Kent Bazemore	SG	LAL	67	15	13.6	6.0	2.2	5.1	42.9	0.6	0.6	33.6	1.0	1.6	60.6
Tayshaun Prince	SF	MEM	76	76	25.6	6.0	2.6	6.5	40.7	0.3	0.3	29.0	0.4	0.8	56.7
Hollis Thompson	SG	PHI	77	41	22.6	6.0	2.2	4.8	46.0	0.9	0.9	40.1	0.7	0.9	71.2
Elliot Williams	SG	PHI	67	2	17.3	6.0	2.1	5.0	41.5	0.6	0.6	29.6	1.3	1.8	73.1
Chris Wright	SF	MIL	8	0	15.8	6.0	2.6	4.4	60.0	0.0	0.0	0.0	0.8	1.9	40.0
Cody Zeller	C	CHA	82	3	17.3	6.0	2.1	4.9	42.6	0.0	0.0	0.0	1.8	2.4	73.0
Alexis Ajinca	C	NO	56	30	17.0	5.9	2.4	4.4	54.6	0.0	0.0	0.0	1.0	1.2	83.6
Darrell Arthur	PF	DEN	68	1	17.1	5.9	2.4	6.0	39.5	0.4	0.4	37.5	0.8	0.9	85.5
Kentavious Caldwell-Pope	SG	DET	80	41	19.8	5.9	2.3	5.8	39.6	0.7	0.7	31.9	0.6	0.8	77.0
Omer Asik	C	HOU	48	19	20.2	5.8	2.1	4.0	53.2	0.0	0.0	0.0	1.6	2.6	61.9
Elton Brand	PF	ATL	73	15	19.4	5.7	2.5	4.5	53.9	0.0	0.0	0.0	0.8	1.3	64.9
Ed Davis	PF	MEM	63	4	15.2	5.7	2.5	4.6	53.4	0.0	0.0	0.0	0.7	1.4	52.8
Francisco Garcia	SG	HOU	55	4	19.7	5.7	2.1	5.3	40.1	1.3	1.3	35.8	0.2	0.3	52.6
Andrew Nicholson	PF	ORL	76	5	15.4	5.7	2.4	5.5	42.9	0.4	0.4	31.5	0.6	0.8	82.5
Tyler Zeller	C	CLE	70	9	15.0	5.7	2.2	4.1	53.8	0.0	0.0	0.0	1.2	1.7	71.9
Jimmer Fredette	PG	CHI	49	0	10.6	5.6	2.2	4.6	47.1	0.8	0.8	47.6	0.4	0.4	90.5
Cartier Martin	SF	ATL	59	6	14.7	5.6	1.9	4.5	42.0	1.0	1.0	39.1	0.8	1.1	73.8
Shawne Williams	SF	LAL	36	13	20.9	5.6	2.0	5.3	38.0	1.2	1.2	32.6	0.4	0.6	70.0
Donatas Motiejunas	PF	HOU	62	3	15.4	5.5	2.1	4.8	44.3	0.3	0.3	25.0	0.9	1.5	60.4
Travis Outlaw	SF	SAC	63	4	16.9	5.4	2.1	5.2	39.9	0.7	0.7	35.0	0.7	0.8	80.8
Robert Sacre	C	LAL	65	13	16.8	5.4	2.2	4.6	47.7	0.0	0.0	0.0	1.0	1.4	68.1
CJ McCollum	SG	POR	38	0	12.5	5.3	1.9	4.7	41.6	0.8	0.8	37.5	0.6	0.9	67.6
Casper Ware	PG	PHI	9	0	12.9	5.3	2.0	4.7	42.9	0.8	0.8	33.3	0.6	0.7	83.3
Derek Fisher	PG	OKC	81	0	17.6	5.2	1.7	4.5	39.1	1.1	1.1	38.4	0.7	0.9	77.5
Ben Gordon	SG	CHA	19	0	14.7	5.2	1.9	5.7	34.3	0.4	0.4	27.6	0.9	1.1	81.0
John Salmons	SF	TOR	78	8	22.1	5.2	1.9	5.3	36.3	0.8	0.8	38.7	0.5	0.7	76.9
Gerald Wallace	SF	BOS	58	16	24.4	5.1	2.0	4.0	50.4	0.3	0.3	29.7	0.8	1.7	46.5
Willie Green	SG	LAC	55	9	15.8	5.0	1.9	4.9	37.6	0.7	0.7	33.9	0.5	0.6	82.4
Cory Joseph	PG	SA	68	19	13.8	5.0	1.9	3.9	47.5	0.2	0.2	31.6	1.2	1.4	82.3
Andrei Kirilenko	SF	BKN	45	4	19.0	5.0	1.8	3.6	51.2	0.0	0.0	20.0	1.4	2.6	51.3
Luke Ridnour	PG	CHA	61	14	18.7	5.0	2.1	5.4	38.5	0.6	0.6	34.3	0.3	0.4	65.4
Dorell Wright	SG	POR	68	13	14.5	5.0	1.6	4.4	37.4	1.0	1.0	34.2	0.8	1.0	75.4
Nick Calathes	SG	MEM	71	7	16.5	4.9	2.0	4.4	45.7	0.3	0.3	31.1	0.6	1.0	61.1
Tyler Hansbrough	PF	TOR	64	4	15.3	4.9	1.5	3.1	47.4	0.0	0.0	0.0	2.0	2.9	68.1
Andre Miller	PG	WAS	58	2	16.9	4.9	1.8	4.0	45.9	0.2	0.2	52.4	1.0	1.3	77.9
Quincy Miller	SF	DEN	52	16	15.2	4.9	1.8	4.9	36.7	0.6	0.6	31.9	0.8	1.1	70.9
Beno Udrih	PG	MEM	41	12	15.7	4.9	1.9	4.3	43.8	0.5	0.5	45.2	0.6	0.7	83.3
Earl Clark	SF	NY	54	17	14.2	4.8	1.8	4.8	37.2	0.8	0.8	33.6	0.4	0.6	64.7
Gorgui Dieng	C	MIN	60	15	13.6	4.8	1.9	3.8	49.8	0.0	0.0	100.0	1.0	1.6	63.4
James Jones	SF	MIA	20	6	11.8	4.8	1.6	3.4	45.6	1.4	1.4	51.9	0.4	0.6	63.6
Anthony Randolph	PF	DEN	43	5	12.3	4.8	1.6	4.1	38.6	0.4	0.4	29.5	1.2	1.6	75.4
Thomas Robinson	PF	POR	70	0	12.5	4.8	2.0	4.2	48.1	0.0	0.0	0.0	0.8	1.4	56.4
Ronny Turiaf	C	MIN	31	10	19.5	4.8	2.1	3.5	59.8	0.0	0.0	0.0	0.7	1.6	42.0
Metta World Peace	SF	NY	29	1	13.4	4.8	1.9	4.9	39.7	0.6	0.6	31.5	0.3	0.6	62.5
Lavoy Allen	PF	IND	65	2	16.5	4.7	2.1	4.6	44.7	0.0	0.0	15.4	0.5	0.8	66.0
Matthew Dellavedova	SG	CLE	72	4	17.7	4.7	1.7	4.1	41.2	0.8	0.8	36.8	0.5	0.7	79.2
Jannero Pargo	PG	CHA	29	0	8.3	4.7	1.8	4.1	44.1	0.8	0.8	40.0	0.3	0.4	72.7
Kevin Seraphin	C	WAS	53	1	10.9	4.7	2.1	4.2	50.5	0.0	0.0	0.0	0.5	0.6	87.1
Isaiah Canaan	PG	HOU	22	0	11.5	4.6	1.4	4.0	35.6	0.8	0.8	32.7	1.0	1.3	72.4
Jae Crowder	SF	DAL	78	8	16.1	4.6	1.7	3.8	43.9	0.6	0.6	33.1	0.6	0.8	75.4
Charlie Villanueva	PF	DET	20	0	9.0	4.6	1.8	4.6	38.0	0.7	0.7	25.0	0.4	0.7	57.1
MarShon Brooks	SG	LAL	35	0	9.1	4.5	1.6	3.6	45.6	0.4	0.4	52.0	0.9	1.3	72.7
Rashard Lewis	PF	MIA	60	6	16.2	4.5	1.6	3.9	41.5	0.8	0.8	34.3	0.4	0.6	78.8
Tony Snell	SG	CHI	77	12	16.0	4.5	1.7	4.4	38.4	0.7	0.7	32.0	0.4	0.5	75.6
Jason Terry	SG	SAC	35	0	16.3	4.5	1.6	4.3	36.2	1.1	1.1	37.9	0.3	0.4	66.7
Vitor Faverani	C	BOS	37	8	13.2	4.4	1.7	4.0	43.5	0.3	0.3	30.0	0.6	1.0	64.9
Darius Miller	SF	NO	45	7	16.1	4.4	1.6	3.7	44.0	0.6	0.6	32.5	0.6	0.8	80.6
Gustavo Ayon	PF	ATL	26	14	16.5	4.3	2.0	3.9	51.0	0.0	0.0	0.0	0.3	0.8	40.0
Kenyon Martin	PF	NY	32	15	19.8	4.3	2.0	3.8	51.2	0.0	0.0	0.0	0.3	0.6	57.9
Anthony Bennett	SF	CLE	52	0	12.8	4.2	1.5	4.3	35.6	0.2	0.2	24.5	0.8	1.3	63.8
Nick Collison	PF	OKC	81	0	16.7	4.2	1.7	3.0	55.6	0.0	0.0	23.5	0.8	1.1	71.0
Mike Harris	SF	UTA	20	0	11.2	4.2	1.4	3.0	47.5	0.0	0.0	0.0	1.3	1.4	96.3
Jonas Jerebko	SF	DET	64	0	11.6	4.2	1.5	3.2	47.1	0.5	0.5	41.9	0.7	0.9	72.9
Carl Landry	PF	SAC	18	1	12.9	4.2	1.7	3.3	51.7	0.0	0.0	0.0	0.8	0.9	82.4
Byron Mullens	C	PHI	45	0	9.2	4.2	1.6	3.7	44.2	0.7	0.7	37.1	0.2	0.4	50.0
Shane Battier	SF	MIA	73	56	20.1	4.1	1.4	3.8	38.2	1.0	1.0	34.8	0.2	0.3	65.2
Jorge Gutierrez	PG	BKN	15	2	16.3	4.1	1.7	3.6	46.3	0.2	0.2	25.0	0.6	0.8	75.0
Jarvis Varnado	PF	PHI	24	0	14.1	4.1	1.5	2.5	60.0	0.0	0.0	0.0	1.1	2.2	51.9
Will Barton	SG	POR	41	0	9.4	4.0	1.6	3.8	41.7	0.2	0.2	30.3	0.6	0.8	81.2
Toney Douglas	PG	MIA	51	17	13.2	4.0	1.4	3.7	38.4	0.6	0.6	30.4	0.5	0.7	73.5
Reggie Evans	PF	SAC	54	20	16.6	4.0	1.3	2.8	47.3	0.0	0.0	0.0	1.3	2.4	55.4
Alonzo Gee	SF	CLE	65	24	15.7	4.0	1.5	3.6	41.5	0.3	0.3	32.8	0.7	0.9	70.5
Darius Morris	PG	MEM	27	0	11.6	4.0	1.4	3.6	40.6	0.4	0.4	31.6	0.6	1.0	65.4
Josh Powell	PF	HOU	1	0	19.0	4.0	2.0	6.0	33.3	0.0	0.0	0.0	0.0	0.0	0.0
Alexey Shved	PG	MIN	63	0	10.5	4.0	1.2	3.8	32.1	0.5	0.5	29.4	1.1	1.4	75.6
Shabazz Muhammad	SF	MIN	37	0	7.8	3.9	1.5	3.4	46.0	0.1	0.1	27.3	0.7	1.1	65.0
Tyshawn Taylor	PG	NO	23	3	11.7	3.9	1.3	4.0	34.1	0.1	0.1	25.0	1.0	1.3	80.0
Chauncey Billups	PG	DET	19	7	16.3	3.8	1.3	4.2	30.4	0.7	0.7	29.2	0.5	0.6	83.3
Nando De Colo	PG	TOR	47	3	10.5	3.8	1.4	3.3	41.8	0.4	0.4	34.0	0.7	0.7	88.6
Udonis Haslem	PF	MIA	46	18	14.2	3.8	1.6	3.2	50.7	0.0	0.0	0.0	0.5	1.0	56.8
Antawn Jamison	PF	ATL	22	0	11.3	3.8	1.3	4.2	31.5	0.4	0.4	19.5	0.8	1.1	72.0
John Lucas	PG	UTA	42	6	14.1	3.8	1.5	4.5	32.6	0.6	0.6	29.8	0.2	0.4	62.5
Mike Muscala	C	ATL	20	0	10.8	3.8	1.6	3.6	42.5	0.0	0.0	0.0	0.7	0.7	100.0
Pablo Prigioni	PG	NY	66	27	19.4	3.8	1.3	2.9	46.1	1.0	1.0	46.4	0.2	0.2	91.7
Miroslav Raduljica	C	MIL	48	2	9.7	3.8	1.4	2.6	54.0	0.0	0.0	0.0	0.9	1.1	81.8
Chris Copeland	SF	IND	41	0	6.5	3.7	1.3	2.9	47.0	0.8	0.8	41.8	0.2	0.3	71.4
Archie Goodwin	SG	PHO	52	0	10.2	3.7	1.5	3.2	45.5	0.1	0.1	13.9	0.7	1.1	67.3
Dennis Schroder	PG	ATL	49	0	13.1	3.7	1.5	3.8	38.3	0.2	0.2	23.8	0.6	0.9	67.4
Ish Smith	PG	PHO	70	1	14.4	3.7	1.7	4.0	42.3	0.0	0.0	4.3	0.3	0.6	56.4
Reggie Williams	SF	OKC	3	0	5.7	3.7	1.7	3.0	55.6	0.3	0.3	33.3	0.0	0.0	0.0
Doron Lamb	SG	ORL	53	0	13.1	3.6	1.2	3.0	39.4	0.7	0.7	40.0	0.5	0.7	80.6
Jeremy Tyler	PF	NY	41	0	9.7	3.6	1.5	2.8	51.7	0.0	0.0	0.0	0.6	1.2	54.2
Jan Vesely	PF	DEN	54	1	14.4	3.6	1.6	3.2	51.4	0.0	0.0	0.0	0.4	1.0	33.9
Diante Garrett	PG	UTA	71	0	14.8	3.5	1.4	3.7	38.1	0.5	0.5	37.5	0.1	0.2	83.3
Perry Jones	SF	OKC	62	7	12.3	3.5	1.3	2.9	45.9	0.4	0.4	36.1	0.5	0.7	66.7
Ian Mahinmi	C	IND	77	1	16.2	3.5	1.2	2.5	48.1	0.0	0.0	0.0	1.2	1.9	62.1
Luc Richard Mbah a Moute	SF	MIN	64	7	15.7	3.5	1.4	3.0	45.1	0.1	0.1	23.5	0.7	1.0	68.7
Greg Smith	PF	CHI	11	0	9.1	3.5	1.6	2.5	64.3	0.0	0.0	0.0	0.2	0.5	40.0
James Southerland	SF	NO	4	0	7.5	3.5	1.2	3.8	33.3	0.8	0.8	50.0	0.2	0.5	50.0
Robbie Hummel	SF	MIN	53	5	12.4	3.4	1.3	3.3	37.9	0.6	0.6	36.0	0.3	0.3	93.8
James Nunnally	SF	PHI	13	0	12.7	3.4	1.2	3.5	32.6	0.6	0.6	32.0	0.5	0.7	66.7
Kendrick Perkins	C	OKC	62	62	19.5	3.4	1.4	3.1	45.1	0.0	0.0	0.0	0.6	1.1	55.2
Ekpe Udoh	PF	MIL	42	14	19.1	3.4	1.4	3.4	39.9	0.0	0.0	0.0	0.7	1.1	63.8
Steven Adams	C	OKC	81	20	14.8	3.3	1.1	2.3	50.3	0.0	0.0	0.0	1.0	1.7	58.1
Jeff Ayres	PF	SA	73	10	13.0	3.3	1.4	2.4	58.0	0.0	0.0	0.0	0.5	0.8	69.1
Joel Freeland	C	POR	52	0	14.0	3.3	1.5	3.1	47.5	0.0	0.0	0.0	0.4	0.6	69.0
Steve Novak	SF	TOR	54	1	10.0	3.3	1.1	2.7	41.1	1.0	1.0	42.6	0.1	0.1	100.0
Jeff Withey	C	NO	58	4	11.8	3.3	1.2	2.2	53.5	0.0	0.0	0.0	0.9	1.3	71.2
Matt Bonner	PF	SA	61	0	11.3	3.2	1.2	2.7	44.5	0.7	0.7	42.9	0.1	0.2	75.0
Wayne Ellington	SG	DAL	45	1	8.7	3.2	1.2	2.8	43.7	0.6	0.6	42.4	0.2	0.2	90.9
Justin Hamilton	C	MIA	8	0	9.0	3.2	1.1	2.5	45.0	0.4	0.4	33.3	0.6	0.6	100.0
Jason Maxiell	PF	ORL	34	13	14.4	3.2	1.4	3.1	44.8	0.0	0.0	0.0	0.4	0.9	48.4
Dwight Buycks	PG	TOR	14	0	10.4	3.1	1.1	3.4	31.2	0.4	0.4	29.4	0.6	0.6	88.9
DeWayne Dedmon	C	ORL	31	6	12.6	3.1	1.2	2.7	45.8	0.0	0.0	0.0	0.7	1.0	65.6
John Jenkins	SG	ATL	13	0	12.2	3.1	1.2	3.2	38.1	0.3	0.3	22.2	0.3	0.3	100.0
Aron Baynes	PF	SA	53	4	9.3	3.0	1.3	3.1	43.6	0.0	0.0	0.0	0.4	0.4	90.5
Ian Clark	SG	UTA	23	0	7.5	3.0	1.1	2.9	38.8	0.5	0.5	35.5	0.2	0.3	71.4
Austin Daye	SF	SA	22	1	6.7	3.0	1.1	3.1	35.3	0.5	0.5	32.4	0.3	0.5	60.0
Melvin Ely	C	NO	2	0	13.5	3.0	1.5	3.0	50.0	0.0	0.0	0.0	0.0	0.0	0.0
Roger Mason Jr.	SG	SAC	25	2	10.4	3.0	1.0	2.7	37.3	0.7	0.7	35.4	0.3	0.3	100.0
Arnett Moultrie	PF	PHI	12	2	15.6	3.0	1.3	3.2	42.1	0.0	0.0	0.0	0.3	0.4	80.0
Daniel Orton	C	PHI	22	4	11.4	3.0	1.0	2.1	44.7	0.0	0.0	0.0	1.0	1.4	76.7
Chris Singleton	SF	WAS	25	0	10.0	3.0	1.0	2.7	37.3	0.3	0.3	36.8	0.7	1.0	72.0
Hedo Turkoglu	SF	LAC	38	0	10.3	3.0	1.1	2.9	38.5	0.6	0.6	44.0	0.2	0.5	50.0
Bismack Biyombo	C	CHA	77	9	13.9	2.9	1.1	1.9	61.1	0.0	0.0	0.0	0.6	1.2	51.7
Josh Harrellson	PF	DET	32	0	9.9	2.9	1.2	2.6	46.3	0.4	0.4	38.7	0.2	0.2	71.4
Greg Oden	C	MIA	23	6	9.2	2.9	1.2	2.1	55.1	0.0	0.0	0.0	0.6	1.0	56.5
Glen Jr. Rice	SG	WAS	11	1	9.9	2.9	1.0	3.4	29.7	0.5	0.5	29.4	0.5	0.6	71.4
Greg Stiemsma	C	NO	55	20	18.3	2.9	1.3	2.2	57.4	0.0	0.0	0.0	0.3	0.6	59.4
Brandon Davies	PF	PHI	51	0	11.3	2.8	1.1	2.5	42.2	0.0	0.0	20.0	0.7	1.0	64.2
Shane Larkin	PG	DAL	48	0	10.2	2.8	1.1	2.9	38.0	0.2	0.2	31.6	0.3	0.5	64.0
Phil Pressey	PG	BOS	75	11	15.1	2.8	1.0	3.4	30.8	0.4	0.4	26.4	0.4	0.6	64.4
Quincy Acy	SF	SAC	63	0	13.5	2.7	1.0	2.2	46.8	0.1	0.1	26.7	0.6	0.8	66.0
Reggie Bullock	SG	LAC	43	0	9.2	2.7	1.0	2.8	35.5	0.5	0.5	30.1	0.2	0.2	77.8
Rasual Butler	SG	IND	50	2	7.6	2.7	1.0	2.2	46.4	0.5	0.5	41.9	0.2	0.3	57.1
Carrick Felix	SG	CLE	7	0	5.4	2.7	1.0	2.0	50.0	0.3	0.3	40.0	0.4	0.6	75.0
Toure' Murry	SG	NY	51	0	7.3	2.7	1.1	2.5	43.4	0.1	0.1	41.7	0.5	0.8	59.0
Marquis Teague	PG	BKN	40	3	11.0	2.7	1.0	3.0	31.9	0.1	0.1	27.8	0.6	0.9	74.3
Eric Maynor	PG	PHI	31	0	10.5	2.6	1.0	3.3	31.7	0.4	0.4	32.4	0.2	0.4	54.5
Lorenzo Brown	PG	PHI	26	0	8.6	2.5	1.0	3.3	30.2	0.1	0.1	10.0	0.3	0.5	69.2
Sasha Vujacic	SG	LAC	2	0	5.0	2.5	1.0	2.5	40.0	0.5	0.5	50.0	0.0	0.0	0.0
Luigi Datome	SF	DET	34	0	7.0	2.4	1.0	2.9	35.1	0.2	0.2	17.9	0.2	0.3	80.0
Meyers Leonard	C	POR	40	0	8.9	2.4	1.0	2.3	45.1	0.0	0.0	0.0	0.4	0.5	76.2
Gal Mekel	PG	DAL	31	1	9.4	2.4	1.0	2.8	34.9	0.2	0.2	25.0	0.3	0.4	66.7
Ronnie Price	PG	ORL	31	2	12.2	2.4	0.9	3.0	30.4	0.3	0.3	20.9	0.3	0.4	69.2
Dionte Christmas	SG	PHO	31	0	6.4	2.3	0.7	2.0	35.5	0.3	0.3	29.0	0.6	0.8	75.0
Robert Covington	SF	HOU	7	0	4.9	2.3	0.9	2.0	42.9	0.6	0.6	36.4	0.0	0.0	0.0
Landry Fields	SF	TOR	30	2	10.7	2.3	0.9	2.2	40.3	0.0	0.0	0.0	0.5	0.7	63.6
Rudy Gobert	C	UTA	45	0	9.6	2.3	0.8	1.6	48.6	0.0	0.0	0.0	0.7	1.4	49.2
Ryan Hollins	C	LAC	61	0	7.9	2.3	0.9	1.2	73.6	0.0	0.0	0.0	0.6	0.9	62.5
Donald Sloan	PG	IND	48	1	8.2	2.3	0.9	2.4	37.6	0.2	0.2	23.8	0.2	0.4	60.0
D.J. Stephens	SG	MIL	3	0	5.0	2.3	1.0	2.3	42.9	0.0	0.0	0.0	0.3	0.3	100.0
Adonis Thomas	SG	PHI	6	1	6.3	2.3	1.0	2.3	42.9	0.2	0.2	20.0	0.2	0.2	100.0
Shannon Brown	PG	NY	29	1	8.7	2.2	0.8	2.3	36.4	0.0	0.0	0.0	0.5	0.7	71.4
Victor Claver	PF	POR	21	0	8.8	2.2	0.8	2.0	40.5	0.1	0.1	16.7	0.5	0.5	90.9
Allen Crabbe	SG	POR	15	0	6.7	2.2	0.8	2.2	36.4	0.4	0.4	42.9	0.2	0.3	75.0
Chuck Hayes	PF	TOR	61	1	12.3	2.2	0.9	2.1	43.1	0.0	0.0	0.0	0.3	0.4	80.0
Orlando Johnson	SG	SAC	45	0	8.7	2.2	0.8	2.5	31.9	0.2	0.2	19.1	0.4	0.6	73.1
Peyton Siva	PG	DET	24	0	9.3	2.2	0.8	2.4	31.6	0.3	0.3	28.0	0.5	0.6	73.3
Otto Porter	SF	WAS	37	0	8.6	2.1	0.9	2.5	36.3	0.1	0.1	19.0	0.2	0.3	66.7
Brandon Rush	SG	UTA	38	0	11.0	2.1	0.8	2.4	33.3	0.4	0.4	34.0	0.1	0.1	60.0
Cole Aldrich	C	NY	46	2	7.2	2.0	0.7	1.3	54.1	0.0	0.0	0.0	0.6	0.7	86.7
Lou Amundson	PF	CHI	19	0	9.7	2.0	0.8	1.7	50.0	0.0	0.0	0.0	0.3	1.3	25.0
Keith Bogans	SG	BOS	6	0	9.2	2.0	0.5	1.0	50.0	0.5	0.5	50.0	0.5	0.5	100.0
Jared Cunningham	SG	SAC	13	0	6.2	2.0	0.5	1.6	28.6	0.1	0.1	14.3	1.0	1.2	81.2
Alex Len	C	PHO	42	3	8.6	2.0	0.8	1.9	42.3	0.0	0.0	0.0	0.5	0.7	64.5
DeAndre Liggins	SG	MIA	1	0	1.0	2.0	1.0	1.0	100.0	0.0	0.0	0.0	0.0	0.0	0.0
Tony Mitchell	F	MIL	3	0	3.3	2.0	1.0	1.7	60.0	0.0	0.0	0.0	0.0	0.0	0.0
Jamaal Franklin	SG	MEM	21	0	7.7	1.9	0.8	1.9	41.0	0.2	0.2	45.5	0.1	0.1	100.0
Andre Roberson	SG	OKC	40	16	10.0	1.9	0.8	1.7	48.5	0.0	0.0	15.4	0.2	0.2	70.0
Malcolm Thomas	PF	UTA	8	0	7.9	1.9	0.9	2.0	43.8	0.1	0.1	25.0	0.0	0.2	0.0
Aaron Gray	C	SAC	37	6	9.6	1.8	0.7	1.6	44.3	0.0	0.0	0.0	0.3	0.5	55.0
Garrett Temple	SG	WAS	75	0	8.5	1.8	0.7	1.9	36.2	0.1	0.1	20.7	0.4	0.6	69.8
Hilton Armstrong	C	GS	15	1	6.5	1.7	0.6	1.3	47.4	0.0	0.0	0.0	0.5	1.1	43.8
Vander Blue	SG	BOS	3	0	5.0	1.7	0.7	1.3	50.0	0.0	0.0	0.0	0.3	1.7	20.0
Solomon Hill	SF	IND	28	0	8.1	1.7	0.6	1.4	42.5	0.2	0.2	30.4	0.2	0.2	85.7
Stephen Jackson	SF	LAC	9	0	11.9	1.7	0.7	2.9	23.1	0.1	0.1	7.1	0.2	0.4	50.0
Sergey Karasev	SG	CLE	22	1	7.1	1.7	0.5	1.6	34.3	0.2	0.2	21.1	0.4	0.5	90.0
Ricky Ledo	SG	DAL	11	0	3.0	1.7	0.5	1.5	35.3	0.3	0.3	37.5	0.4	0.4	100.0
Chris Babb	SG	BOS	14	0	9.4	1.6	0.6	2.1	26.7	0.4	0.4	22.2	0.0	0.0	0.0
Nazr Mohammed	C	CHI	80	1	7.0	1.6	0.7	1.6	42.9	0.0	0.0	0.0	0.2	0.4	53.3
A.J. Price	PG	MIN	28	0	3.5	1.6	0.7	1.6	41.3	0.2	0.2	27.3	0.0	0.1	0.0
Seth Curry	SG	CLE	2	0	6.5	1.5	0.5	1.5	33.3	0.5	0.5	100.0	0.0	0.0	0.0
Othyus Jeffers	SG	MIN	6	1	7.8	1.5	0.5	1.0	50.0	0.0	0.0	0.0	0.5	0.7	75.0
Shavlik Randolph	PF	PHO	14	0	6.8	1.4	0.5	1.0	50.0	0.0	0.0	0.0	0.4	0.8	54.5
Solomon Jones	PF	ORL	11	0	7.7	1.3	0.5	1.5	35.3	0.0	0.0	0.0	0.2	0.4	50.0
Ryan Gomes	SF	BOS	5	0	6.8	1.2	0.6	1.6	37.5	0.0	0.0	0.0	0.0	0.0	0.0
Damion James	SF	SA	5	1	10.0	1.2	0.4	1.8	22.2	0.0	0.0	0.0	0.4	0.4	100.0
Hasheem Thabeet	C	OKC	23	0	8.3	1.2	0.6	1.0	56.5	0.0	0.0	0.0	0.0	0.2	20.0
Lance Thomas	SF	NO	5	0	8.4	1.2	0.4	1.8	22.2	0.0	0.0	0.0	0.4	0.8	50.0
Jason Collins	C	BKN	22	1	7.8	1.1	0.5	1.1	45.8	0.0	0.0	0.0	0.1	0.2	75.0
Nemanja Nedovic	PG	GS	24	0	5.9	1.1	0.3	1.6	20.5	0.1	0.1	16.7	0.3	0.3	87.5
Tornike Shengelia	SF	CHI	26	0	6.0	1.1	0.5	1.1	46.4	0.0	0.0	0.0	0.1	0.3	37.5
Jamaal Tinsley	PG	UTA	8	5	13.8	1.1	0.5	2.5	20.0	0.1	0.1	6.7	0.0	0.0	0.0
Shane Edwards	SF	CLE	2	0	6.0	1.0	0.5	1.5	33.3	0.0	0.0	0.0	0.0	0.0	0.0
Mike James	PG	CHI	11	0	7.0	1.0	0.5	1.9	23.8	0.1	0.1	20.0	0.0	0.2	0.0
Viacheslav Kravtsov	C	PHO	20	0	3.0	1.0	0.4	0.8	53.3	0.0	0.0	0.0	0.2	0.4	50.0
Tony Mitchell	PF	DET	21	0	3.8	1.0	0.2	0.6	41.7	0.0	0.0	100.0	0.5	0.9	57.9
Maalik Wayns	PG	LAC	2	0	4.5	1.0	0.5	1.0	50.0	0.0	0.0	0.0	0.0	0.0	0.0
Bernard James	C	DAL	30	0	4.9	0.9	0.4	0.8	47.8	0.0	0.0	0.0	0.2	0.4	54.5
Julyan Stone	SG	TOR	21	0	5.7	0.9	0.3	0.8	41.2	0.1	0.1	25.0	0.1	0.1	66.7
Joel Anthony	C	BOS	33	0	5.6	0.8	0.4	1.0	37.5	0.0	0.0	0.0	0.1	0.2	50.0
Ognjen Kuzmic	C	GS	21	0	4.4	0.7	0.2	0.6	38.5	0.0	0.0	0.0	0.2	0.5	45.5
Arinze Onuaku	PF	CLE	5	0	6.0	0.6	0.2	1.0	20.0	0.0	0.0	0.0	0.2	0.4	50.0
Andris Biedrins	C	UTA	6	0	7.5	0.5	0.2	0.2	100.0	0.0	0.0	0.0	0.2	1.0	16.7
Scotty Hopson	SG	CLE	2	0	3.5	0.5	0.0	2.0	0.0	0.0	0.0	0.0	0.5	1.0	50.0
Earl Watson	PG	POR	24	0	6.7	0.5	0.1	0.5	27.3	0.1	0.1	28.6	0.2	0.2	100.0
Hamady Ndiaye	C	SAC	14	0	5.3	0.4	0.2	0.6	33.3	0.0	0.0	0.0	0.0	0.1	0.0
Ronnie Brewer	SG	CHI	24	3	6.7	0.3	0.1	0.6	20.0	0.0	0.0	12.5	0.0	0.1	0.0
Mustafa Shakur	PG	OKC	3	0	3.7	0.3	0.0	1.0	0.0	0.0	0.0	0.0	0.3	0.7	50.0
Erik Murphy	PF	UTA	24	0	2.6	0.2	0.1	0.5	23.1	0.0	0.0	0.0	0.0	0.0	0.0
Josh Childress	SF	NO	4	0	6.0	0.0	0.0	0.0	0.0	0.0	0.0	0.0	0.0	0.0	0.0
Elias Harris	SF	LAL	2	0	5.5	0.0	0.0	0.5	0.0	0.0	0.0	0.0	0.0	0.0	0.0
Royal Ivey	PG	OKC	2	0	2.5	0.0	0.0	1.0	0.0	0.0	0.0	0.0	0.0	0.0	0.0
Darius Johnson_Odom	SG	PHI	3	0	5.0	0.0	0.0	2.3	0.0	0.0	0.0	0.0	0.0	0.7	0.0
Dexter Pittman	C	HOU	2	0	1.5	0.0	0.0	0.5	0.0	0.0	0.0	0.0	0.0	1.0	0.0
Chris Smith	PG	NY	2	0	1.0	0.0	0.0	0.0	0.0	0.0	0.0	0.0	0.0	0.0	0.0
Royce White	PF	SAC	3	0	3.0	0.0	0.0	0.3	0.0	0.0	0.0	0.0	0.0	0.0	0.0
D.J. White	PF	CHA	2	0	5.0	0.0	0.0	0.5	0.0	0.0	0.0	0.0	0.0	0.0	0.0